simple_rnn_3/simple_rnn_cell_3/kernel:0
(1, 80)
[[ 0.15564215 -0.14766568  0.16033176 -0.21143885  0.15507396  0.2139495
  -0.01154491  0.2492784   0.08178575 -0.18282491 -0.00960999  0.05049557
  -0.21027814 -0.19158275  0.19017752  0.18008254 -0.12999685 -0.03900628
   0.12330329  0.16201676  0.16016135 -0.08824728  0.18834877 -0.00795313
   0.07349782 -0.10315698  0.20708312 -0.0077372  -0.12526622  0.03768113
   0.16210473  0.01061671 -0.08756739 -0.20943755 -0.12904832 -0.07562017
  -0.03955259  0.08626878 -0.00357985  0.01818028  0.20079628 -0.07881472
  -0.21358806  0.16974115  0.05732296 -0.14700568 -0.14904097  0.12764767
   0.03812768  0.03662884 -0.18915312  0.08828231 -0.13858938 -0.06169441
   0.22255728 -0.18592538 -0.23046789  0.20887642  0.03851983 -0.04154152
  -0.15910599  0.12279323  0.19280933 -0.12526318  0.17454448  0.19672118
   0.05651285  0.0632797  -0.08119629 -0.097909    0.09617763  0.21972194
   0.13922541 -0.04976271  0.15415467 -0.10807943 -0.22175245 -0.10580818
  -0.17872064 -0.20033774]]
simple_rnn_3/simple_rnn_cell_3/recurrent_kernel:0
(80, 80)
[[-0.25137585 -0.18329886 -0.05448968 ... -0.13840295 -0.0699819
   0.06633776]
 [ 0.0255877   0.08461136 -0.14698118 ... -0.20643233  0.059279
   0.14711322]
 [ 0.01004872  0.2001404  -0.18171735 ...  0.17285123 -0.00178216
  -0.06068948]
 ...
 [-0.04264316  0.15922035 -0.02711471 ... -0.07064579  0.00107025
  -0.1336895 ]
 [-0.03031408 -0.00339959  0.19408311 ... -0.10423747  0.01405726
  -0.15227893]
 [ 0.10048308 -0.17311242  0.11583064 ... -0.06092545  0.08006962
  -0.08798233]]
simple_rnn_3/simple_rnn_cell_3/bias:0
(80,)
[-1.38096223e-02  7.72848958e-04 -1.65870879e-02  1.69511046e-02
 -6.74172631e-03 -7.33053405e-03  3.37052904e-03 -2.28772964e-03
 -8.52772780e-03  8.27362482e-03  9.51677968e-04 -9.88054182e-03
  5.85729722e-03  9.24936216e-03 -1.18575925e-02 -2.02239137e-02
  5.07448008e-03 -5.73441805e-03 -3.03068780e-03 -1.33931888e-02
 -1.93451960e-02  4.22106404e-03  1.22817373e-03 -3.65538668e-04
 -2.63151567e-04  4.64595994e-03 -2.22537052e-02 -1.03620142e-02
  1.40020726e-02  5.15939761e-03 -1.11084692e-02 -2.73737963e-03
  3.29615409e-03  1.69587787e-02  1.37685155e-02  7.50360952e-04
  7.65581557e-04 -6.71851961e-03  2.63789366e-03  8.47485382e-04
 -9.36062634e-03  2.32362491e-03  1.03404615e-02 -1.15459589e-02
 -2.76372675e-03  2.19561867e-02  1.21894991e-02 -4.59135557e-03
  2.71086954e-03 -4.73239692e-04  8.34123045e-03 -5.80911385e-03
  1.89144053e-02  8.87580868e-03 -1.03089744e-02  2.31103655e-02
  1.77474227e-02 -1.41009428e-02 -9.68554523e-05  3.44756874e-03
  1.53079312e-02 -7.45434500e-03 -1.15557080e-02  3.84164741e-03
 -1.12705557e-02 -2.01789327e-02  2.13301522e-04 -1.38990832e-02
  4.15191846e-03  3.50812799e-03 -5.89504978e-03 -7.06518814e-03
 -1.62233319e-02  6.69351546e-04 -7.97827914e-03  9.26521700e-03
  9.01188329e-03  3.14260088e-03  1.63273215e-02  6.05792785e-03]
simple_rnn_4/simple_rnn_cell_4/kernel:0
(80, 100)
[[-0.10300869 -0.03499768 -0.01478    ...  0.1561167   0.07565348
   0.10790318]
 [ 0.00116569  0.03685157  0.00902615 ... -0.02137954 -0.10513043
   0.06117166]
 [-0.1300908   0.06597965 -0.08076783 ...  0.11985702 -0.08083999
   0.10948615]
 ...
 [ 0.03379469 -0.01460391 -0.06581798 ...  0.04433371  0.16088194
  -0.1381161 ]
 [ 0.0530213  -0.10827639  0.02945798 ...  0.0073941   0.16846238
  -0.13284038]
 [ 0.10186779 -0.12178026 -0.13036646 ...  0.09554288  0.11344109
  -0.1803028 ]]
simple_rnn_4/simple_rnn_cell_4/recurrent_kernel:0
(100, 100)
[[-0.12753443 -0.0873975   0.09169052 ... -0.04418057 -0.19510664
  -0.06866103]
 [-0.0132989  -0.01568464 -0.0294752  ...  0.1198218  -0.01750536
  -0.12707071]
 [ 0.06051111  0.07053532 -0.00733487 ... -0.09289201 -0.08343434
  -0.03919549]
 ...
 [ 0.11023338 -0.05227282  0.0290354  ...  0.05435781 -0.016148
  -0.02520656]
 [ 0.11911728  0.06410303  0.04347248 ...  0.09733765 -0.02873675
  -0.074267  ]
 [-0.04346903 -0.13848168  0.10919529 ... -0.00593503 -0.10456019
  -0.0095923 ]]
simple_rnn_4/simple_rnn_cell_4/bias:0
(100,)
[-0.00534271  0.01111154 -0.00315551  0.00929868  0.00278641 -0.00340319
 -0.01995311  0.00308794 -0.00419121 -0.00735217 -0.00395247 -0.00146466
  0.01484603  0.00563876 -0.00048731  0.00274491  0.0048991  -0.00659216
 -0.01050692 -0.00362296  0.00093176 -0.00243699 -0.00429518 -0.00822838
  0.00115895  0.00412533  0.00525228  0.00411957  0.00598694  0.00030795
  0.00055849  0.00980907  0.00345264  0.00130422 -0.00021757  0.00544426
 -0.01092449  0.00879834  0.00551289  0.00472038  0.00398487  0.00889486
 -0.0025954  -0.00448062 -0.00433635 -0.00280862  0.0139125   0.00577002
  0.00510294  0.00251784  0.00479556  0.00906783 -0.00705604  0.01204407
  0.00113333 -0.02041654 -0.00397489  0.00142913 -0.00179252  0.00278592
  0.0091793  -0.00291849  0.0062473  -0.00537543  0.00010152  0.00185105
  0.00276866 -0.00258235  0.00713085 -0.00334926  0.00451782 -0.00044769
 -0.0089032   0.00425775  0.00722135  0.01215962 -0.00428976  0.01016842
 -0.00155655 -0.00304704  0.00715192  0.00219878  0.01303715  0.0063343
 -0.00661643 -0.00433482  0.00385786  0.00376991 -0.01792948 -0.00168246
 -0.00095068  0.0079322   0.00188021 -0.00714537 -0.00309791  0.00033966
 -0.0017915   0.0012965  -0.01365824  0.00485806]
dense_3/kernel:0
(100, 1)
[[-0.1699773 ]
 [ 0.10229355]
 [-0.12350792]
 [-0.02886952]
 [-0.08696314]
 [-0.01567019]
 [-0.1403585 ]
 [-0.21817553]
 [-0.07767757]
 [-0.10006167]
 [-0.1436589 ]
 [ 0.05309453]
 [ 0.08908763]
 [-0.0859708 ]
 [ 0.01715411]
 [-0.11638286]
 [ 0.14517367]
 [-0.19506784]
 [-0.12170283]
 [-0.17083928]
 [ 0.14620574]
 [-0.1499178 ]
 [-0.13883945]
 [ 0.17795785]
 [ 0.06124387]
 [ 0.13876611]
 [ 0.19446762]
 [-0.15808272]
 [ 0.14849475]
 [ 0.17541324]
 [-0.18342823]
 [ 0.13450362]
 [-0.00711611]
 [ 0.16680504]
 [ 0.19468848]
 [ 0.11159489]
 [-0.14969127]
 [ 0.04035712]
 [ 0.1273544 ]
 [ 0.19060525]
 [ 0.11449254]
 [ 0.19968803]
 [-0.16252433]
 [-0.07031339]
 [-0.17251265]
 [-0.20827834]
 [ 0.07944252]
 [-0.0305488 ]
 [ 0.08373889]
 [-0.13369435]
 [ 0.17165072]
 [ 0.06481513]
 [-0.17492814]
 [ 0.05483811]
 [ 0.18387936]
 [-0.04992003]
 [-0.16640602]
 [-0.01712039]
 [-0.00577534]
 [ 0.16409363]
 [ 0.03513449]
 [-0.01026749]
 [-0.03472479]
 [-0.11635634]
 [-0.14248037]
 [ 0.1641893 ]
 [-0.08290573]
 [-0.16687593]
 [ 0.02356445]
 [-0.14553724]
 [ 0.10203625]
 [-0.18854381]
 [-0.19245966]
 [ 0.09557092]
 [ 0.03610436]
 [ 0.1595381 ]
 [-0.11339051]
 [ 0.20220411]
 [-0.05082614]
 [ 0.17805512]
 [ 0.08424594]
 [-0.07937528]
 [ 0.11036418]
 [ 0.05584703]
 [-0.12462479]
 [-0.19294763]
 [-0.19267388]
 [-0.05626032]
 [-0.10521477]
 [ 0.18296617]
 [-0.0117438 ]
 [ 0.19984983]
 [ 0.19260728]
 [-0.2061503 ]
 [-0.21719693]
 [-0.061923  ]
 [ 0.02750473]
 [-0.02076809]
 [-0.08434238]
 [ 0.16804552]]
dense_3/bias:0
(1,)
[0.03800358]
